# LOVE_NUMBERS  Format of 2005.01.10
# degree h                 l                 k
#
     0  0.0000000000E+00  0.0000000000E+00  0.0000000000E+00
     1 -0.2858777580E+00  0.1039182063E+00  0.0000000000E+00
     2 -0.9915810331E+00  0.2353293958E-01 -0.3054020195E+00
     3 -0.1050767745E+01  0.7014846821E-01 -0.1960294041E+00
     4 -0.1053393012E+01  0.5888944962E-01 -0.1336652689E+00
     5 -0.1086317605E+01  0.4635490492E-01 -0.1047066267E+00
     6 -0.1143860336E+01  0.3875790076E-01 -0.9033564429E-01
     7 -0.1212408459E+01  0.3435761766E-01 -0.8206984804E-01
     8 -0.1283943275E+01  0.3162521937E-01 -0.7655494644E-01
     9 -0.1354734845E+01  0.2976799724E-01 -0.7243844815E-01
    10 -0.1423282851E+01  0.2841217497E-01 -0.6913401466E-01
    11 -0.1489094554E+01  0.2737604005E-01 -0.6635869819E-01
    12 -0.1552074997E+01  0.2656100083E-01 -0.6395689877E-01
    13 -0.1612273740E+01  0.2590599387E-01 -0.6183296641E-01
    14 -0.1669763369E+01  0.2536854685E-01 -0.5992172201E-01
    15 -0.1724635488E+01  0.2491746046E-01 -0.5817772516E-01
    16 -0.1776963521E+01  0.2452895864E-01 -0.5656704205E-01
    17 -0.1826825601E+01  0.2418496902E-01 -0.5506474110E-01
    18 -0.1874298467E+01  0.2387191421E-01 -0.5365205058E-01
    19 -0.1919461416E+01  0.2357965299E-01 -0.5231479422E-01
    20 -0.1962393632E+01  0.2330062776E-01 -0.5104204279E-01
    21 -0.2003182253E+01  0.2302957552E-01 -0.4982562670E-01
    22 -0.2041915786E+01  0.2276274561E-01 -0.4865919131E-01
    23 -0.2078680486E+01  0.2249751069E-01 -0.4753764652E-01
    24 -0.2113573061E+01  0.2223241049E-01 -0.4645728556E-01
    25 -0.2146680270E+01  0.2196635908E-01 -0.4541483359E-01
    26 -0.2178105661E+01  0.2169923707E-01 -0.4440818528E-01
    27 -0.2207927152E+01  0.2143062311E-01 -0.4343487603E-01
    28 -0.2236242846E+01  0.2116091000E-01 -0.4249347823E-01
    29 -0.2263132641E+01  0.2089023887E-01 -0.4158232061E-01
    30 -0.2288687940E+01  0.2061922034E-01 -0.4070034557E-01
    31 -0.2312991757E+01  0.2034837121E-01 -0.3984645832E-01
    32 -0.2336112443E+01  0.2007795245E-01 -0.3901937759E-01
    33 -0.2358128831E+01  0.1980857769E-01 -0.3821827509E-01
    34 -0.2379107893E+01  0.1954063723E-01 -0.3744217649E-01
    35 -0.2399120761E+01  0.1927467242E-01 -0.3669034206E-01
    36 -0.2418226351E+01  0.1901099500E-01 -0.3596186474E-01
    37 -0.2436482905E+01  0.1874994579E-01 -0.3525594412E-01
    38 -0.2453948379E+01  0.1849189587E-01 -0.3457187576E-01
    39 -0.2470670195E+01  0.1823702146E-01 -0.3390882631E-01
    40 -0.2486697757E+01  0.1798557582E-01 -0.3326609909E-01
    41 -0.2502076334E+01  0.1773775332E-01 -0.3264299923E-01
    42 -0.2516847401E+01  0.1749369843E-01 -0.3203883174E-01
    43 -0.2531050008E+01  0.1725353288E-01 -0.3145293280E-01
    44 -0.2544719530E+01  0.1701732965E-01 -0.3088463896E-01
    45 -0.2557890739E+01  0.1678517515E-01 -0.3033334191E-01
    46 -0.2570594319E+01  0.1655709852E-01 -0.2979842108E-01
    47 -0.2582859779E+01  0.1633312984E-01 -0.2927929373E-01
    48 -0.2594714216E+01  0.1611327332E-01 -0.2877539004E-01
    49 -0.2606182782E+01  0.1589751831E-01 -0.2828615868E-01
    50 -0.2617289738E+01  0.1568585677E-01 -0.2781108192E-01
    51 -0.2628056023E+01  0.1547823922E-01 -0.2734963353E-01
    52 -0.2638502978E+01  0.1527464081E-01 -0.2690133637E-01
    53 -0.2648649164E+01  0.1507500454E-01 -0.2646570945E-01
    54 -0.2658512061E+01  0.1487927089E-01 -0.2604229418E-01
    55 -0.2668109142E+01  0.1468739551E-01 -0.2563066630E-01
    56 -0.2677455130E+01  0.1449930171E-01 -0.2523039452E-01
    57 -0.2686564655E+01  0.1431492499E-01 -0.2484107774E-01
    58 -0.2695451439E+01  0.1413419921E-01 -0.2446233127E-01
    59 -0.2704127764E+01  0.1395704694E-01 -0.2409377795E-01
    60 -0.2712605707E+01  0.1378339969E-01 -0.2373506405E-01
    61 -0.2720896238E+01  0.1361318186E-01 -0.2338584530E-01
    62 -0.2729009765E+01  0.1344631998E-01 -0.2304579309E-01
    63 -0.2736955903E+01  0.1328273833E-01 -0.2271459030E-01
    64 -0.2744743969E+01  0.1312236618E-01 -0.2239193633E-01
    65 -0.2752382423E+01  0.1296512857E-01 -0.2207753919E-01
    66 -0.2759879282E+01  0.1281095243E-01 -0.2177111937E-01
    67 -0.2767242102E+01  0.1265976613E-01 -0.2147240908E-01
    68 -0.2774478021E+01  0.1251149967E-01 -0.2118115170E-01
    69 -0.2781593811E+01  0.1236608477E-01 -0.2089710139E-01
    70 -0.2788595709E+01  0.1222345238E-01 -0.2062002059E-01
    71 -0.2795489680E+01  0.1208353620E-01 -0.2034968220E-01
    72 -0.2802281343E+01  0.1194627118E-01 -0.2008586807E-01
    73 -0.2808976028E+01  0.1181159433E-01 -0.1982836895E-01
    74 -0.2815578704E+01  0.1167944283E-01 -0.1957698319E-01
    75 -0.2822094093E+01  0.1154975603E-01 -0.1933151728E-01
    76 -0.2828526669E+01  0.1142247495E-01 -0.1909178544E-01
    77 -0.2834880683E+01  0.1129754240E-01 -0.1885760922E-01
    78 -0.2841160150E+01  0.1117490242E-01 -0.1862881706E-01
    79 -0.2847368769E+01  0.1105449914E-01 -0.1840524275E-01
    80 -0.2853510163E+01  0.1093627997E-01 -0.1818672781E-01
    81 -0.2859587939E+01  0.1082019617E-01 -0.1797312161E-01
    82 -0.2865604931E+01  0.1070619194E-01 -0.1776427277E-01
    83 -0.2871564378E+01  0.1059422101E-01 -0.1756004164E-01
    84 -0.2877469169E+01  0.1048423565E-01 -0.1736029175E-01
    85 -0.2883322045E+01  0.1037618954E-01 -0.1716489163E-01
    86 -0.2889125648E+01  0.1027003825E-01 -0.1697371498E-01
    87 -0.2894882413E+01  0.1016573732E-01 -0.1678663942E-01
    88 -0.2900594702E+01  0.1006324445E-01 -0.1660354744E-01
    89 -0.2906264743E+01  0.9962518203E-02 -0.1642432560E-01
    90 -0.2911894687E+01  0.9863518919E-02 -0.1624886478E-01
    91 -0.2917486512E+01  0.9766206829E-02 -0.1607705911E-01
    92 -0.2923042145E+01  0.9670544154E-02 -0.1590880688E-01
    93 -0.2928563403E+01  0.9576493847E-02 -0.1574400976E-01
    94 -0.2934052041E+01  0.9484020422E-02 -0.1558257306E-01
    95 -0.2939509674E+01  0.9393088348E-02 -0.1542440486E-01
    96 -0.2944937877E+01  0.9303663815E-02 -0.1526941673E-01
    97 -0.2950338132E+01  0.9215713663E-02 -0.1511752309E-01
    98 -0.2955711880E+01  0.9129206080E-02 -0.1496864146E-01
    99 -0.2961060436E+01  0.9044109286E-02 -0.1482269168E-01
   100 -0.2966385090E+01  0.8960392953E-02 -0.1467959656E-01
   101 -0.2971687056E+01  0.8878027359E-02 -0.1453928135E-01
   102 -0.2976967512E+01  0.8796983926E-02 -0.1440167387E-01
   103 -0.2982227536E+01  0.8717234166E-02 -0.1426670401E-01
   104 -0.2987468183E+01  0.8638750834E-02 -0.1413430411E-01
   105 -0.2992690446E+01  0.8561507221E-02 -0.1400440861E-01
   106 -0.2997895290E+01  0.8485477618E-02 -0.1387695416E-01
   107 -0.3003083596E+01  0.8410636429E-02 -0.1375187918E-01
   108 -0.3008256228E+01  0.8336959123E-02 -0.1362912416E-01
   109 -0.3013413998E+01  0.8264421657E-02 -0.1350863142E-01
   110 -0.3018557697E+01  0.8193000847E-02 -0.1339034516E-01
   111 -0.3023688044E+01  0.8122673654E-02 -0.1327421107E-01
   112 -0.3028805745E+01  0.8053417940E-02 -0.1316017669E-01
   113 -0.3033911465E+01  0.7985212023E-02 -0.1304819106E-01
   114 -0.3039005849E+01  0.7918034962E-02 -0.1293820488E-01
   115 -0.3044089483E+01  0.7851865965E-02 -0.1283017014E-01
   116 -0.3049162947E+01  0.7786685030E-02 -0.1272404038E-01
   117 -0.3054226779E+01  0.7722472561E-02 -0.1261977050E-01
   118 -0.3059281508E+01  0.7659209600E-02 -0.1251731678E-01
   119 -0.3064327612E+01  0.7596877360E-02 -0.1241663664E-01
   120 -0.3069365560E+01  0.7535457730E-02 -0.1231768886E-01
   121 -0.3074395793E+01  0.7474932965E-02 -0.1222043336E-01
   122 -0.3079418737E+01  0.7415285853E-02 -0.1212483127E-01
   123 -0.3084434789E+01  0.7356499475E-02 -0.1203084476E-01
   124 -0.3089444323E+01  0.7298557315E-02 -0.1193843710E-01
   125 -0.3094447698E+01  0.7241443299E-02 -0.1184757260E-01
   126 -0.3099445739E+01  0.7185146204E-02 -0.1175821983E-01
   127 -0.3104437859E+01  0.7129642332E-02 -0.1167033892E-01
   128 -0.3109424785E+01  0.7074920548E-02 -0.1158389997E-01
   129 -0.3114406817E+01  0.7020966373E-02 -0.1149887118E-01
   130 -0.3119384228E+01  0.6967765508E-02 -0.1141522155E-01
   131 -0.3124357299E+01  0.6915304295E-02 -0.1133292103E-01
   132 -0.3129326253E+01  0.6863568795E-02 -0.1125194019E-01
   133 -0.3134291331E+01  0.6812545840E-02 -0.1117225053E-01
   134 -0.3139252753E+01  0.6762222409E-02 -0.1109382428E-01
   135 -0.3144210746E+01  0.6712586050E-02 -0.1101663454E-01
   136 -0.3149165487E+01  0.6663624094E-02 -0.1094065488E-01
   137 -0.3154117170E+01  0.6615324536E-02 -0.1086585976E-01
   138 -0.3159065971E+01  0.6567675499E-02 -0.1079222424E-01
   139 -0.3164012071E+01  0.6520665630E-02 -0.1071972412E-01
   140 -0.3168955611E+01  0.6474283384E-02 -0.1064833570E-01
   141 -0.3173896746E+01  0.6428517798E-02 -0.1057803597E-01
   142 -0.3178835615E+01  0.6383358046E-02 -0.1050880250E-01
   143 -0.3183772364E+01  0.6338793732E-02 -0.1044061352E-01
   144 -0.3188707103E+01  0.6294814330E-02 -0.1037344765E-01
   145 -0.3193639953E+01  0.6251409824E-02 -0.1030728418E-01
   146 -0.3198571025E+01  0.6208570313E-02 -0.1024210288E-01
   147 -0.3203500433E+01  0.6166286280E-02 -0.1017788410E-01
   148 -0.3208428262E+01  0.6124548124E-02 -0.1011460854E-01
   149 -0.3213354609E+01  0.6083346658E-02 -0.1005225749E-01
   150 -0.3218279559E+01  0.6042672825E-02 -0.9990812687E-02
   151 -0.3223203202E+01  0.6002517899E-02 -0.9930256346E-02
   152 -0.3228125600E+01  0.5962873105E-02 -0.9870571027E-02
   153 -0.3233046832E+01  0.5923730002E-02 -0.9811739803E-02
   154 -0.3237966958E+01  0.5885080308E-02 -0.9753746115E-02
   155 -0.3242886050E+01  0.5846916012E-02 -0.9696573861E-02
   156 -0.3247804156E+01  0.5809229052E-02 -0.9640207245E-02
   157 -0.3252721331E+01  0.5772011708E-02 -0.9584630905E-02
   158 -0.3257637624E+01  0.5735256354E-02 -0.9529829829E-02
   159 -0.3262553244E+01  0.5698956790E-02 -0.9475790189E-02
   160 -0.3267467917E+01  0.5663103346E-02 -0.9422496073E-02
   161 -0.3272381835E+01  0.5627690037E-02 -0.9369934305E-02
   162 -0.3277295035E+01  0.5592709852E-02 -0.9318091242E-02
   163 -0.3282207554E+01  0.5558156029E-02 -0.9266953580E-02
   164 -0.3287119415E+01  0.5524021765E-02 -0.9216508278E-02
   165 -0.3292030647E+01  0.5490300524E-02 -0.9166742633E-02
   166 -0.3296941273E+01  0.5456985862E-02 -0.9117644217E-02
   167 -0.3301851314E+01  0.5424071432E-02 -0.9069200890E-02
   168 -0.3306760804E+01  0.5391551244E-02 -0.9021400853E-02
   169 -0.3311669742E+01  0.5359419009E-02 -0.8974232435E-02
   170 -0.3316578148E+01  0.5327668875E-02 -0.8927684326E-02
   171 -0.3321486032E+01  0.5296294993E-02 -0.8881745447E-02
   172 -0.3326393422E+01  0.5265291805E-02 -0.8836405029E-02
   173 -0.3331300520E+01  0.5234654991E-02 -0.8791653407E-02
   174 -0.3336207644E+01  0.5204381204E-02 -0.8747481667E-02
   175 -0.3341113629E+01  0.5174457028E-02 -0.8703874181E-02
   176 -0.3346019149E+01  0.5144881857E-02 -0.8660824198E-02
   177 -0.3350924191E+01  0.5115650366E-02 -0.8618321971E-02
   178 -0.3355828764E+01  0.5086757522E-02 -0.8576358051E-02
   179 -0.3360732862E+01  0.5058198354E-02 -0.8534923154E-02
   180 -0.3365636499E+01  0.5029968080E-02 -0.8494008256E-02
   181 -0.3370539656E+01  0.5002061797E-02 -0.8453604422E-02
   182 -0.3375442336E+01  0.4974474833E-02 -0.8413702992E-02
   183 -0.3380344530E+01  0.4947202580E-02 -0.8374295452E-02
   184 -0.3385246241E+01  0.4920240618E-02 -0.8335373508E-02
   185 -0.3390147452E+01  0.4893584382E-02 -0.8296928978E-02
   186 -0.3395048158E+01  0.4867229563E-02 -0.8258953895E-02
   187 -0.3399948348E+01  0.4841171868E-02 -0.8221440446E-02
   188 -0.3404848021E+01  0.4815407184E-02 -0.8184381010E-02
   189 -0.3409747153E+01  0.4789931296E-02 -0.8147768058E-02
   190 -0.3414645740E+01  0.4764740184E-02 -0.8111594272E-02
   191 -0.3419543764E+01  0.4739829870E-02 -0.8075852456E-02
   192 -0.3424441221E+01  0.4715196520E-02 -0.8040535598E-02
   193 -0.3429338088E+01  0.4690836217E-02 -0.8005636771E-02
   194 -0.3434234352E+01  0.4666745233E-02 -0.7971149225E-02
   195 -0.3439129995E+01  0.4642919861E-02 -0.7937066335E-02
   196 -0.3444025009E+01  0.4619356521E-02 -0.7903381636E-02
   197 -0.3448919371E+01  0.4596051565E-02 -0.7870088750E-02
   198 -0.3453813064E+01  0.4573001531E-02 -0.7837181442E-02
   199 -0.3458706066E+01  0.4550202968E-02 -0.7804653597E-02
   200 -0.3463598369E+01  0.4527652519E-02 -0.7772499254E-02
   201 -0.3468489946E+01  0.4505346810E-02 -0.7740712516E-02
   202 -0.3473380779E+01  0.4483282582E-02 -0.7709287634E-02
   203 -0.3478270847E+01  0.4461456622E-02 -0.7678218959E-02
   204 -0.3483160133E+01  0.4439865807E-02 -0.7647500968E-02
   205 -0.3488048612E+01  0.4418506984E-02 -0.7617128214E-02
   206 -0.3492936263E+01  0.4397377111E-02 -0.7587095379E-02
   207 -0.3497823067E+01  0.4376473173E-02 -0.7557397242E-02
   208 -0.3502708995E+01  0.4355792214E-02 -0.7528028665E-02
   209 -0.3507594040E+01  0.4335331416E-02 -0.7498984668E-02
   210 -0.3512478162E+01  0.4315087810E-02 -0.7470260263E-02
   211 -0.3517361345E+01  0.4295058607E-02 -0.7441850636E-02
   212 -0.3522243562E+01  0.4275241043E-02 -0.7413751027E-02
   213 -0.3527124799E+01  0.4255632487E-02 -0.7385956807E-02
   214 -0.3532005020E+01  0.4236230143E-02 -0.7358463369E-02
   215 -0.3536884206E+01  0.4217031417E-02 -0.7331266234E-02
   216 -0.3541762329E+01  0.4198033709E-02 -0.7304360991E-02
   217 -0.3546639373E+01  0.4179234542E-02 -0.7277743343E-02
   218 -0.3551515301E+01  0.4160631318E-02 -0.7251409005E-02
   219 -0.3556390096E+01  0.4142221576E-02 -0.7225353835E-02
   220 -0.3561263723E+01  0.4124002907E-02 -0.7199573711E-02
   221 -0.3566136170E+01  0.4105972958E-02 -0.7174064656E-02
   222 -0.3571007398E+01  0.4088129303E-02 -0.7148822685E-02
   223 -0.3575877387E+01  0.4070469639E-02 -0.7123843938E-02
   224 -0.3580747513E+01  0.4052999127E-02 -0.7099129566E-02
   225 -0.3585615132E+01  0.4035701623E-02 -0.7074666551E-02
   226 -0.3590481365E+01  0.4018581041E-02 -0.7050455306E-02
   227 -0.3595346263E+01  0.4001635560E-02 -0.7026492490E-02
   228 -0.3600209792E+01  0.3984863047E-02 -0.7002774540E-02
   229 -0.3605071936E+01  0.3968261417E-02 -0.6979298005E-02
   230 -0.3609932657E+01  0.3951828544E-02 -0.6956059431E-02
   231 -0.3614791931E+01  0.3935562390E-02 -0.6933055469E-02
   232 -0.3619649732E+01  0.3919460926E-02 -0.6910282814E-02
   233 -0.3624506035E+01  0.3903522209E-02 -0.6887738228E-02
   234 -0.3629360805E+01  0.3887744227E-02 -0.6865418504E-02
   235 -0.3634214026E+01  0.3872125043E-02 -0.6843320529E-02
   236 -0.3639065656E+01  0.3856662781E-02 -0.6821441187E-02
   237 -0.3643915683E+01  0.3841355568E-02 -0.6799777491E-02
   238 -0.3648764066E+01  0.3826201536E-02 -0.6778326425E-02
   239 -0.3653610782E+01  0.3811198868E-02 -0.6757085071E-02
   240 -0.3658455800E+01  0.3796345763E-02 -0.6736050549E-02
   241 -0.3663299103E+01  0.3781640469E-02 -0.6715220049E-02
   242 -0.3668140651E+01  0.3767081216E-02 -0.6694590762E-02
   243 -0.3672980417E+01  0.3752666299E-02 -0.6674159952E-02
   244 -0.3677818461E+01  0.3738394413E-02 -0.6653925199E-02
   245 -0.3682654761E+01  0.3724263943E-02 -0.6633883871E-02
   246 -0.3687489030E+01  0.3710271978E-02 -0.6614032563E-02
   247 -0.3692321405E+01  0.3696417705E-02 -0.6594369232E-02
   248 -0.3697151858E+01  0.3682699513E-02 -0.6574891356E-02
   249 -0.3701980361E+01  0.3669115830E-02 -0.6555596461E-02
   250 -0.3706806936E+01  0.3655665322E-02 -0.6536482218E-02
   251 -0.3711631455E+01  0.3642345998E-02 -0.6517546015E-02
   252 -0.3716453939E+01  0.3629156559E-02 -0.6498785614E-02
   253 -0.3721274358E+01  0.3616095501E-02 -0.6480198683E-02
   254 -0.3726092689E+01  0.3603161412E-02 -0.6461782835E-02
   255 -0.3730908892E+01  0.3590352763E-02 -0.6443535971E-02
   256 -0.3735722950E+01  0.3577668129E-02 -0.6425455846E-02
   257 -0.3740534821E+01  0.3565106108E-02 -0.6407540263E-02
   258 -0.3745344490E+01  0.3552665333E-02 -0.6389786969E-02
   259 -0.3750151923E+01  0.3540344361E-02 -0.6372194033E-02
   260 -0.3754957088E+01  0.3528141865E-02 -0.6354759310E-02
   261 -0.3759759956E+01  0.3516056491E-02 -0.6337480778E-02
   262 -0.3764560505E+01  0.3504086957E-02 -0.6320356275E-02
   263 -0.3769358699E+01  0.3492231903E-02 -0.6303384010E-02
   264 -0.3774154515E+01  0.3480490047E-02 -0.6286561980E-02
   265 -0.3778947920E+01  0.3468860115E-02 -0.6269888285E-02
   266 -0.3783738888E+01  0.3457340896E-02 -0.6253360871E-02
   267 -0.3788527389E+01  0.3445931088E-02 -0.6236978078E-02
   268 -0.3793313390E+01  0.3434629499E-02 -0.6220737994E-02
   269 -0.3798096866E+01  0.3423434902E-02 -0.6204638851E-02
   270 -0.3802877791E+01  0.3412346138E-02 -0.6188678733E-02
   271 -0.3807656137E+01  0.3401361981E-02 -0.6172856062E-02
   272 -0.3812431870E+01  0.3390481295E-02 -0.6157169047E-02
   273 -0.3817204958E+01  0.3379702926E-02 -0.6141616004E-02
   274 -0.3821975383E+01  0.3369025761E-02 -0.6126195168E-02
   275 -0.3826743110E+01  0.3358448646E-02 -0.6110905001E-02
   276 -0.3831508110E+01  0.3347970491E-02 -0.6095743854E-02
   277 -0.3836271873E+01  0.3337596579E-02 -0.6080714363E-02
   278 -0.3841032150E+01  0.3327316457E-02 -0.6065808661E-02
   279 -0.3845788986E+01  0.3317129435E-02 -0.6051025499E-02
   280 -0.3850542997E+01  0.3307037131E-02 -0.6036365150E-02
   281 -0.3855294157E+01  0.3297038508E-02 -0.6021826113E-02
   282 -0.3860042438E+01  0.3287132563E-02 -0.6007406839E-02
   283 -0.3864787807E+01  0.3277318267E-02 -0.5993105878E-02
   284 -0.3869530239E+01  0.3267594628E-02 -0.5978921847E-02
   285 -0.3874269702E+01  0.3257960660E-02 -0.5964853301E-02
   286 -0.3879006179E+01  0.3248415396E-02 -0.5950898825E-02
   287 -0.3883739635E+01  0.3238957864E-02 -0.5937057006E-02
   288 -0.3888470049E+01  0.3229587109E-02 -0.5923326579E-02
   289 -0.3893197379E+01  0.3220302211E-02 -0.5909706151E-02
   290 -0.3897921616E+01  0.3211102237E-02 -0.5896194416E-02
   291 -0.3902642720E+01  0.3201986266E-02 -0.5882789995E-02
   292 -0.3907360668E+01  0.3192953396E-02 -0.5869491718E-02
   293 -0.3912075438E+01  0.3184002722E-02 -0.5856298304E-02
   294 -0.3916786993E+01  0.3175133373E-02 -0.5843208448E-02
   295 -0.3921495314E+01  0.3166344474E-02 -0.5830220904E-02
   296 -0.3926200363E+01  0.3157635149E-02 -0.5817334546E-02
   297 -0.3930902125E+01  0.3149004554E-02 -0.5804548161E-02
   298 -0.3935600573E+01  0.3140451838E-02 -0.5791860577E-02
   299 -0.3940295676E+01  0.3131976215E-02 -0.5779270522E-02
   300 -0.3944987404E+01  0.3123576818E-02 -0.5766776986E-02
   301 -0.3949675741E+01  0.3115252838E-02 -0.5754378816E-02
   302 -0.3954360653E+01  0.3107003475E-02 -0.5742074899E-02
   303 -0.3959042119E+01  0.3098827965E-02 -0.5729864025E-02
   304 -0.3963720107E+01  0.3090725489E-02 -0.5717745257E-02
   305 -0.3968394592E+01  0.3082695280E-02 -0.5705717481E-02
   306 -0.3973065547E+01  0.3074736571E-02 -0.5693779662E-02
   307 -0.3977732958E+01  0.3066848621E-02 -0.5681930652E-02
   308 -0.3982396782E+01  0.3059030663E-02 -0.5670169557E-02
   309 -0.3987056997E+01  0.3051281965E-02 -0.5658495321E-02
   310 -0.3991713583E+01  0.3043601784E-02 -0.5646906981E-02
   311 -0.3996366510E+01  0.3035989428E-02 -0.5635403426E-02
   312 -0.4001015766E+01  0.3028444140E-02 -0.5623983856E-02
   313 -0.4005661299E+01  0.3020965248E-02 -0.5612647214E-02
   314 -0.4010303104E+01  0.3013552026E-02 -0.5601392619E-02
   315 -0.4014941156E+01  0.3006203809E-02 -0.5590219039E-02
   316 -0.4019575415E+01  0.2998919902E-02 -0.5579125640E-02
   317 -0.4024205867E+01  0.2991699624E-02 -0.5568111507E-02
   318 -0.4028832484E+01  0.2984542312E-02 -0.5557175755E-02
   319 -0.4033455241E+01  0.2977447321E-02 -0.5546317422E-02
   320 -0.4038074113E+01  0.2970413976E-02 -0.5535535712E-02
   321 -0.4042689078E+01  0.2963441640E-02 -0.5524829768E-02
   322 -0.4047300107E+01  0.2956529675E-02 -0.5514198739E-02
   323 -0.4051907177E+01  0.2949677460E-02 -0.5503641734E-02
   324 -0.4056510264E+01  0.2942884356E-02 -0.5493157962E-02
   325 -0.4061109341E+01  0.2936149755E-02 -0.5482746632E-02
   326 -0.4065704388E+01  0.2929473038E-02 -0.5472406939E-02
   327 -0.4070295381E+01  0.2922853615E-02 -0.5462138054E-02
   328 -0.4074882284E+01  0.2916290885E-02 -0.5451939170E-02
   329 -0.4079465087E+01  0.2909784249E-02 -0.5441809594E-02
   330 -0.4084043760E+01  0.2903333130E-02 -0.5431748532E-02
   331 -0.4088618279E+01  0.2896936957E-02 -0.5421755212E-02
   332 -0.4093188619E+01  0.2890595151E-02 -0.5411828857E-02
   333 -0.4097757745E+01  0.2884317398E-02 -0.5401975569E-02
   334 -0.4102319954E+01  0.2878083583E-02 -0.5392181719E-02
   335 -0.4106878131E+01  0.2871903238E-02 -0.5382453176E-02
   336 -0.4111431810E+01  0.2865774239E-02 -0.5372788210E-02
   337 -0.4115981211E+01  0.2859696893E-02 -0.5363186748E-02
   338 -0.4120526303E+01  0.2853670681E-02 -0.5353648059E-02
   339 -0.4125067085E+01  0.2847695064E-02 -0.5344171504E-02
   340 -0.4129603517E+01  0.2841769549E-02 -0.5334756310E-02
   341 -0.4134135580E+01  0.2835893595E-02 -0.5325401926E-02
   342 -0.4138663260E+01  0.2830066694E-02 -0.5316107680E-02
   343 -0.4143186527E+01  0.2824288349E-02 -0.5306872920E-02
   344 -0.4147705363E+01  0.2818558071E-02 -0.5297696936E-02
   345 -0.4152219750E+01  0.2812875349E-02 -0.5288579215E-02
   346 -0.4156729818E+01  0.2807240245E-02 -0.5279519432E-02
   347 -0.4161235270E+01  0.2801651316E-02 -0.5270516389E-02
   348 -0.4165736154E+01  0.2796108386E-02 -0.5261569543E-02
   349 -0.4170232508E+01  0.2790611088E-02 -0.5252678535E-02
   350 -0.4174724295E+01  0.2785158967E-02 -0.5243842709E-02
   351 -0.4179211503E+01  0.2779751557E-02 -0.5235061516E-02
   352 -0.4183694105E+01  0.2774388415E-02 -0.5226334273E-02
   353 -0.4188172090E+01  0.2769069071E-02 -0.5217660524E-02
   354 -0.4192645419E+01  0.2763793069E-02 -0.5209039665E-02
   355 -0.4197114075E+01  0.2758559969E-02 -0.5200471169E-02
   356 -0.4201578059E+01  0.2753369342E-02 -0.5191954431E-02
   357 -0.4206037324E+01  0.2748220754E-02 -0.5183488963E-02
   358 -0.4210491862E+01  0.2743113773E-02 -0.5175074221E-02
   359 -0.4214941658E+01  0.2738047972E-02 -0.5166709698E-02
   360 -0.4219386679E+01  0.2733022945E-02 -0.5158394787E-02
   361 -0.4223826915E+01  0.2728038259E-02 -0.5150129056E-02
   362 -0.4228262339E+01  0.2723093519E-02 -0.5141911977E-02
   363 -0.4232692981E+01  0.2718188433E-02 -0.5133743148E-02
   364 -0.4237118729E+01  0.2713322339E-02 -0.5125621837E-02
   365 -0.4241539614E+01  0.2708494961E-02 -0.5117547698E-02
   366 -0.4245955590E+01  0.2703705919E-02 -0.5109520206E-02
   367 -0.4250366666E+01  0.2698954809E-02 -0.5101538932E-02
   368 -0.4254772819E+01  0.2694241257E-02 -0.5093603358E-02
   369 -0.4259174029E+01  0.2689564868E-02 -0.5085713032E-02
   370 -0.4263570269E+01  0.2684925267E-02 -0.5077867507E-02
   371 -0.4267961523E+01  0.2680322080E-02 -0.5070066320E-02
   372 -0.4272347781E+01  0.2675754933E-02 -0.5062309014E-02
   373 -0.4276728990E+01  0.2671223464E-02 -0.5054595077E-02
   374 -0.4281105174E+01  0.2666727299E-02 -0.5046924184E-02
   375 -0.4285476289E+01  0.2662266084E-02 -0.5039295844E-02
   376 -0.4289842325E+01  0.2657839464E-02 -0.5031709627E-02
   377 -0.4294203252E+01  0.2653447078E-02 -0.5024165063E-02
   378 -0.4298559055E+01  0.2649088583E-02 -0.5016661793E-02
   379 -0.4302909733E+01  0.2644763625E-02 -0.5009199414E-02
   380 -0.4307255251E+01  0.2640471867E-02 -0.5001777482E-02
   381 -0.4311595601E+01  0.2636212976E-02 -0.4994395567E-02
   382 -0.4315930729E+01  0.2631986606E-02 -0.4987053274E-02
   383 -0.4320260674E+01  0.2627792425E-02 -0.4979750283E-02
   384 -0.4324585375E+01  0.2623630098E-02 -0.4972486128E-02
   385 -0.4328909213E+01  0.2619512018E-02 -0.4965268840E-02
   386 -0.4333223786E+01  0.2615413552E-02 -0.4958081936E-02
   387 -0.4337533117E+01  0.2611346056E-02 -0.4950932817E-02
   388 -0.4341837175E+01  0.2607309217E-02 -0.4943821092E-02
   389 -0.4346135928E+01  0.2603302742E-02 -0.4936746301E-02
   390 -0.4350429387E+01  0.2599326305E-02 -0.4929708210E-02
   391 -0.4354717544E+01  0.2595379607E-02 -0.4922706445E-02
   392 -0.4359000351E+01  0.2591462351E-02 -0.4915740611E-02
   393 -0.4363277792E+01  0.2587574246E-02 -0.4908810284E-02
   394 -0.4367549884E+01  0.2583714988E-02 -0.4901915260E-02
   395 -0.4371816587E+01  0.2579884288E-02 -0.4895055124E-02
   396 -0.4376077888E+01  0.2576081858E-02 -0.4888229556E-02
   397 -0.4380333776E+01  0.2572307424E-02 -0.4881438160E-02
   398 -0.4384584234E+01  0.2568560688E-02 -0.4874680679E-02
   399 -0.4388829242E+01  0.2564841376E-02 -0.4867956758E-02
   400 -0.4393068797E+01  0.2561149211E-02 -0.4861266098E-02
   401 -0.4397302881E+01  0.2557483924E-02 -0.4854608317E-02
   402 -0.4401531470E+01  0.2553845238E-02 -0.4847983151E-02
   403 -0.4405754548E+01  0.2550232886E-02 -0.4841390266E-02
   404 -0.4409972120E+01  0.2546646600E-02 -0.4834829391E-02
   405 -0.4414184146E+01  0.2543086125E-02 -0.4828300135E-02
   406 -0.4418390628E+01  0.2539551192E-02 -0.4821802243E-02
   407 -0.4422591551E+01  0.2536041539E-02 -0.4815335427E-02
   408 -0.4426786883E+01  0.2532556897E-02 -0.4808899393E-02
   409 -0.4430976616E+01  0.2529097038E-02 -0.4802493803E-02
   410 -0.4435160749E+01  0.2525661701E-02 -0.4796118410E-02
   411 -0.4439339273E+01  0.2522250640E-02 -0.4789772949E-02
   412 -0.4443512157E+01  0.2518863610E-02 -0.4783457104E-02
   413 -0.4447679385E+01  0.2515500372E-02 -0.4777170573E-02
   414 -0.4451840955E+01  0.2512160676E-02 -0.4770913098E-02
   415 -0.4455997001E+01  0.2508844697E-02 -0.4764684685E-02
   416 -0.4460147471E+01  0.2505552113E-02 -0.4758484990E-02
   417 -0.4464291999E+01  0.2502281694E-02 -0.4752313124E-02
   418 -0.4468430796E+01  0.2499033881E-02 -0.4746169197E-02
   419 -0.4472563895E+01  0.2495808447E-02 -0.4740053059E-02
   420 -0.4476691221E+01  0.2492605163E-02 -0.4733964341E-02
   421 -0.4480812807E+01  0.2489423800E-02 -0.4727902849E-02
   422 -0.4484928622E+01  0.2486264147E-02 -0.4721868283E-02
   423 -0.4489038649E+01  0.2483125972E-02 -0.4715860425E-02
   424 -0.4493142872E+01  0.2480009058E-02 -0.4709879012E-02
   425 -0.4497241313E+01  0.2476913189E-02 -0.4703923846E-02
   426 -0.4501333913E+01  0.2473838155E-02 -0.4697994583E-02
   427 -0.4505420682E+01  0.2470783737E-02 -0.4692091066E-02
   428 -0.4509501609E+01  0.2467749725E-02 -0.4686213045E-02
   429 -0.4513576672E+01  0.2464735908E-02 -0.4680360271E-02
   430 -0.4517645867E+01  0.2461742094E-02 -0.4674532484E-02
   431 -0.4521709169E+01  0.2458768058E-02 -0.4668729492E-02
   432 -0.4525766592E+01  0.2455813607E-02 -0.4662951085E-02
   433 -0.4529818089E+01  0.2452878540E-02 -0.4657196996E-02
   434 -0.4533863683E+01  0.2449962662E-02 -0.4651467004E-02
   435 -0.4537903321E+01  0.2447065763E-02 -0.4645760890E-02
   436 -0.4541938182E+01  0.2444190568E-02 -0.4640080410E-02
   437 -0.4545970060E+01  0.2441341387E-02 -0.4634428369E-02
   438 -0.4549992311E+01  0.2438501419E-02 -0.4628793378E-02
   439 -0.4554008601E+01  0.2435679744E-02 -0.4623181470E-02
   440 -0.4558018930E+01  0.2432876174E-02 -0.4617592432E-02
   441 -0.4562023294E+01  0.2430090534E-02 -0.4612026079E-02
   442 -0.4566021693E+01  0.2427322648E-02 -0.4606482171E-02
   443 -0.4570014092E+01  0.2424572323E-02 -0.4600960531E-02
   444 -0.4574000505E+01  0.2421839391E-02 -0.4595460979E-02
   445 -0.4577980892E+01  0.2419123669E-02 -0.4589983282E-02
   446 -0.4581955270E+01  0.2416424996E-02 -0.4584527233E-02
   447 -0.4585923636E+01  0.2413743189E-02 -0.4579092710E-02
   448 -0.4589885948E+01  0.2411078079E-02 -0.4573679458E-02
   449 -0.4593842227E+01  0.2408429498E-02 -0.4568287340E-02
   450 -0.4597792434E+01  0.2405797280E-02 -0.4562916080E-02
   451 -0.4601736614E+01  0.2403181263E-02 -0.4557565629E-02
   452 -0.4605674684E+01  0.2400581270E-02 -0.4552235678E-02
   453 -0.4609606692E+01  0.2397997151E-02 -0.4546926139E-02
   454 -0.4613532603E+01  0.2395428741E-02 -0.4541636751E-02
   455 -0.4617452421E+01  0.2392875881E-02 -0.4536367408E-02
   456 -0.4621366116E+01  0.2390338409E-02 -0.4531117888E-02
   457 -0.4625273717E+01  0.2387816176E-02 -0.4525888082E-02
   458 -0.4629175176E+01  0.2385309022E-02 -0.4520677720E-02
   459 -0.4633070515E+01  0.2382816797E-02 -0.4515486721E-02
   460 -0.4636959727E+01  0.2380339354E-02 -0.4510314872E-02
   461 -0.4640842768E+01  0.2377876513E-02 -0.4505162010E-02
   462 -0.4644719655E+01  0.2375428145E-02 -0.4500027980E-02
   463 -0.4648590372E+01  0.2372994102E-02 -0.4494912622E-02
   464 -0.4652454903E+01  0.2370574233E-02 -0.4489815761E-02
   465 -0.4656313259E+01  0.2368168398E-02 -0.4484737267E-02
   466 -0.4660165448E+01  0.2365776465E-02 -0.4479676977E-02
   467 -0.4664011409E+01  0.2363398268E-02 -0.4474634684E-02
   468 -0.4667851182E+01  0.2361033685E-02 -0.4469610304E-02
   469 -0.4671684743E+01  0.2358682567E-02 -0.4464603661E-02
   470 -0.4675512056E+01  0.2356344773E-02 -0.4459614543E-02
   471 -0.4679333175E+01  0.2354020178E-02 -0.4454642899E-02
   472 -0.4683148017E+01  0.2351708624E-02 -0.4449688484E-02
   473 -0.4686956657E+01  0.2349410005E-02 -0.4444751266E-02
   474 -0.4690759028E+01  0.2347124166E-02 -0.4439830996E-02
   475 -0.4694555138E+01  0.2344850983E-02 -0.4434927562E-02
   476 -0.4698344998E+01  0.2342590327E-02 -0.4430040859E-02
   477 -0.4702128578E+01  0.2340342061E-02 -0.4425170710E-02
   478 -0.4705905867E+01  0.2338106058E-02 -0.4420316957E-02
   479 -0.4709676879E+01  0.2335882195E-02 -0.4415479491E-02
   480 -0.4713441602E+01  0.2333670343E-02 -0.4410658186E-02
   481 -0.4717200013E+01  0.2331470374E-02 -0.4405852880E-02
   482 -0.4720952106E+01  0.2329282163E-02 -0.4401063430E-02
   483 -0.4724697898E+01  0.2327105594E-02 -0.4396289728E-02
   484 -0.4728437390E+01  0.2324940548E-02 -0.4391531676E-02
   485 -0.4732170536E+01  0.2322786891E-02 -0.4386789086E-02
   486 -0.4735897325E+01  0.2320644505E-02 -0.4382061813E-02
   487 -0.4739617794E+01  0.2318513282E-02 -0.4377349779E-02
   488 -0.4743331898E+01  0.2316393092E-02 -0.4372652829E-02
   489 -0.4747041742E+01  0.2314288335E-02 -0.4367973960E-02
   490 -0.4750747006E+01  0.2312198322E-02 -0.4363312569E-02
   491 -0.4754442562E+01  0.2310111657E-02 -0.4358660920E-02
   492 -0.4758131783E+01  0.2308035645E-02 -0.4354023941E-02
   493 -0.4761815020E+01  0.2305971024E-02 -0.4349402011E-02
   494 -0.4765491574E+01  0.2303916036E-02 -0.4344794018E-02
   495 -0.4769161760E+01  0.2301871374E-02 -0.4340200286E-02
   496 -0.4772825594E+01  0.2299836941E-02 -0.4335620759E-02
   497 -0.4776483086E+01  0.2297812631E-02 -0.4331055332E-02
   498 -0.4780134175E+01  0.2295798322E-02 -0.4326503816E-02
   499 -0.4783778934E+01  0.2293793943E-02 -0.4321966182E-02
   500 -0.4787417346E+01  0.2291799382E-02 -0.4317442332E-02
   501 -0.4791049345E+01  0.2289814519E-02 -0.4312932067E-02
   502 -0.4794674951E+01  0.2287839260E-02 -0.4308435312E-02
   503 -0.4798294201E+01  0.2285873525E-02 -0.4303951987E-02
   504 -0.4801907068E+01  0.2283917206E-02 -0.4299481991E-02
   505 -0.4805513523E+01  0.2281970191E-02 -0.4295025176E-02
   506 -0.4809113591E+01  0.2280032400E-02 -0.4290581476E-02
   507 -0.4812707285E+01  0.2278103745E-02 -0.4286150784E-02
   508 -0.4816294557E+01  0.2276184111E-02 -0.4281732974E-02
   509 -0.4819875456E+01  0.2274273424E-02 -0.4277328005E-02
   510 -0.4823449917E+01  0.2272371568E-02 -0.4272935697E-02
   511 -0.4827017975E+01  0.2270478469E-02 -0.4268555976E-02
   512 -0.4830579617E+01  0.2268594029E-02 -0.4264188766E-02
   513 -0.4834134846E+01  0.2266718164E-02 -0.4259833966E-02
   514 -0.4837683664E+01  0.2264850779E-02 -0.4255491492E-02
   515 -0.4841226070E+01  0.2262991800E-02 -0.4251161154E-02
   516 -0.4844762004E+01  0.2261141087E-02 -0.4246842949E-02
   517 -0.4848291562E+01  0.2259298615E-02 -0.4242536837E-02
   518 -0.4851814662E+01  0.2257464262E-02 -0.4238242629E-02
   519 -0.4855331349E+01  0.2255637964E-02 -0.4233960267E-02
   520 -0.4858841570E+01  0.2253819613E-02 -0.4229689632E-02
   521 -0.4862345359E+01  0.2252009144E-02 -0.4225430669E-02
   522 -0.4865842727E+01  0.2250206474E-02 -0.4221183310E-02
   523 -0.4869333622E+01  0.2248411506E-02 -0.4216947377E-02
   524 -0.4872818085E+01  0.2246624175E-02 -0.4212722872E-02
   525 -0.4876296108E+01  0.2244844397E-02 -0.4208509690E-02
   526 -0.4879767676E+01  0.2243072081E-02 -0.4204307736E-02
   527 -0.4883232788E+01  0.2241307160E-02 -0.4200116898E-02
   528 -0.4886691441E+01  0.2239549545E-02 -0.4195937125E-02
   529 -0.4890143646E+01  0.2237799167E-02 -0.4191768337E-02
   530 -0.4893589383E+01  0.2236055942E-02 -0.4187610437E-02
   531 -0.4897028646E+01  0.2234319789E-02 -0.4183463316E-02
   532 -0.4900461459E+01  0.2232590642E-02 -0.4179326948E-02
   533 -0.4903887800E+01  0.2230868424E-02 -0.4175201222E-02
   534 -0.4907307694E+01  0.2229153063E-02 -0.4171086099E-02
   535 -0.4910721080E+01  0.2227444468E-02 -0.4166981404E-02
   536 -0.4914128000E+01  0.2225742579E-02 -0.4162887134E-02
   537 -0.4917528444E+01  0.2224047320E-02 -0.4158803202E-02
   538 -0.4920922416E+01  0.2222358623E-02 -0.4154729536E-02
   539 -0.4924309950E+01  0.2220676433E-02 -0.4150666091E-02
   540 -0.4927690936E+01  0.2219000629E-02 -0.4146612671E-02
   541 -0.4931065502E+01  0.2217331199E-02 -0.4142569363E-02
   542 -0.4934433516E+01  0.2215668019E-02 -0.4138535935E-02
   543 -0.4937797571E+01  0.2214015804E-02 -0.4134515728E-02
   544 -0.4941156429E+01  0.2212372310E-02 -0.4130507039E-02
   545 -0.4944505566E+01  0.2210728581E-02 -0.4126503797E-02
   546 -0.4947848246E+01  0.2209090922E-02 -0.4122510270E-02
   547 -0.4951184474E+01  0.2207459273E-02 -0.4118526386E-02
   548 -0.4954514217E+01  0.2205833552E-02 -0.4114552039E-02
   549 -0.4957837546E+01  0.2204213730E-02 -0.4110587257E-02
   550 -0.4961154421E+01  0.2202599729E-02 -0.4106631920E-02
   551 -0.4964464816E+01  0.2200991474E-02 -0.4102685926E-02
   552 -0.4967768764E+01  0.2199388921E-02 -0.4098749247E-02
   553 -0.4971066281E+01  0.2197792011E-02 -0.4094821847E-02
   554 -0.4974357343E+01  0.2196200680E-02 -0.4090903630E-02
   555 -0.4977641966E+01  0.2194614871E-02 -0.4086994545E-02
   556 -0.4980920106E+01  0.2193034509E-02 -0.4083094472E-02
   557 -0.4984191792E+01  0.2191459544E-02 -0.4079203396E-02
   558 -0.4987457081E+01  0.2189889950E-02 -0.4075321316E-02
   559 -0.4990715853E+01  0.2188325611E-02 -0.4071448028E-02
   560 -0.4993968216E+01  0.2186766523E-02 -0.4067583587E-02
   561 -0.4997214147E+01  0.2185212616E-02 -0.4063727921E-02
   562 -0.5000453623E+01  0.2183663825E-02 -0.4059880939E-02
   563 -0.5003686648E+01  0.2182120098E-02 -0.4056042583E-02
   564 -0.5006913204E+01  0.2180581371E-02 -0.4052212762E-02
   565 -0.5010133371E+01  0.2179047624E-02 -0.4048391527E-02
   566 -0.5013347076E+01  0.2177518774E-02 -0.4044578730E-02
   567 -0.5016554357E+01  0.2175994782E-02 -0.4040774354E-02
   568 -0.5019755183E+01  0.2174475583E-02 -0.4036978296E-02
   569 -0.5022949569E+01  0.2172961131E-02 -0.4033190534E-02
   570 -0.5026137554E+01  0.2171451392E-02 -0.4029410975E-02
   571 -0.5029319047E+01  0.2169946261E-02 -0.4025639600E-02
   572 -0.5032494140E+01  0.2168445740E-02 -0.4021876379E-02
   573 -0.5035663150E+01  0.2166950399E-02 -0.4018121658E-02
   574 -0.5038825376E+01  0.2165458938E-02 -0.4014374533E-02
   575 -0.5041981220E+01  0.2163971946E-02 -0.4010635431E-02
   576 -0.5045130584E+01  0.2162489325E-02 -0.4006904167E-02
   577 -0.5048273555E+01  0.2161011071E-02 -0.4003180813E-02
   578 -0.5051410090E+01  0.2159537110E-02 -0.3999465257E-02
   579 -0.5054540239E+01  0.2158067423E-02 -0.3995757506E-02
   580 -0.5057663933E+01  0.2156601929E-02 -0.3992057412E-02
   581 -0.5060781203E+01  0.2155140589E-02 -0.3988364979E-02
   582 -0.5063892095E+01  0.2153683384E-02 -0.3984680200E-02
   583 -0.5066996544E+01  0.2152230233E-02 -0.3981002957E-02
   584 -0.5070094560E+01  0.2150781098E-02 -0.3977333187E-02
   585 -0.5073186208E+01  0.2149335965E-02 -0.3973670940E-02
   586 -0.5076271426E+01  0.2147894751E-02 -0.3970016087E-02
   587 -0.5079350236E+01  0.2146457429E-02 -0.3966368605E-02
   588 -0.5082422642E+01  0.2145023954E-02 -0.3962728432E-02
   589 -0.5085488664E+01  0.2143594291E-02 -0.3959095565E-02
   590 -0.5088548256E+01  0.2142168374E-02 -0.3955469896E-02
   591 -0.5091601476E+01  0.2140746186E-02 -0.3951851444E-02
   592 -0.5094648290E+01  0.2139327670E-02 -0.3948240106E-02
   593 -0.5097688683E+01  0.2137912772E-02 -0.3944635840E-02
   594 -0.5100722685E+01  0.2136501468E-02 -0.3941038624E-02
   595 -0.5103750327E+01  0.2135093730E-02 -0.3937448450E-02
   596 -0.5106771540E+01  0.2133689479E-02 -0.3933865180E-02
   597 -0.5109786384E+01  0.2132288706E-02 -0.3930288852E-02
   598 -0.5112799670E+01  0.2130899667E-02 -0.3926725182E-02
   599 -0.5115803150E+01  0.2129508059E-02 -0.3923164225E-02
   600 -0.5118799395E+01  0.2128118371E-02 -0.3919609022E-02
   601 -0.5121789292E+01  0.2126732052E-02 -0.3916060603E-02
   602 -0.5124772858E+01  0.2125349079E-02 -0.3912518941E-02
   603 -0.5127750116E+01  0.2123969417E-02 -0.3908984017E-02
   604 -0.5130721005E+01  0.2122592993E-02 -0.3905455707E-02
   605 -0.5133685604E+01  0.2121219816E-02 -0.3901934071E-02
   606 -0.5136643859E+01  0.2119849815E-02 -0.3898419000E-02
   607 -0.5139595762E+01  0.2118482953E-02 -0.3894910446E-02
   608 -0.5142541391E+01  0.2117119232E-02 -0.3891408443E-02
   609 -0.5145480724E+01  0.2115758606E-02 -0.3887912933E-02
   610 -0.5148413704E+01  0.2114401010E-02 -0.3884423810E-02
   611 -0.5151340435E+01  0.2113046460E-02 -0.3880941150E-02
   612 -0.5154260814E+01  0.2111694863E-02 -0.3877464789E-02
   613 -0.5157174876E+01  0.2110346198E-02 -0.3873994730E-02
   614 -0.5160082667E+01  0.2109000466E-02 -0.3870530985E-02
   615 -0.5162984187E+01  0.2107657631E-02 -0.3867073514E-02
   616 -0.5165879425E+01  0.2106317651E-02 -0.3863622258E-02
   617 -0.5168768373E+01  0.2104980495E-02 -0.3860177173E-02
   618 -0.5171651043E+01  0.2103646132E-02 -0.3856738235E-02
   619 -0.5174527467E+01  0.2102314543E-02 -0.3853305441E-02
   620 -0.5177397602E+01  0.2100985674E-02 -0.3849878697E-02
   621 -0.5180261493E+01  0.2099659521E-02 -0.3846458016E-02
   622 -0.5183119109E+01  0.2098336028E-02 -0.3843043331E-02
   623 -0.5185970497E+01  0.2097015190E-02 -0.3839634656E-02
   624 -0.5188815635E+01  0.2095696968E-02 -0.3836231919E-02
   625 -0.5191654520E+01  0.2094381326E-02 -0.3832835028E-02
   626 -0.5194487149E+01  0.2093068222E-02 -0.3829444026E-02
   627 -0.5197313595E+01  0.2091757672E-02 -0.3826058954E-02
   628 -0.5200133751E+01  0.2090449586E-02 -0.3822679633E-02
   629 -0.5202947738E+01  0.2089143999E-02 -0.3819306152E-02
   630 -0.5205755473E+01  0.2087840837E-02 -0.3815938396E-02
   631 -0.5208556983E+01  0.2086540084E-02 -0.3812576353E-02
   632 -0.5211352324E+01  0.2085241741E-02 -0.3809220046E-02
   633 -0.5214141419E+01  0.2083945733E-02 -0.3805869353E-02
   634 -0.5216924343E+01  0.2082652077E-02 -0.3802524327E-02
   635 -0.5219701054E+01  0.2081360716E-02 -0.3799184885E-02
   636 -0.5222471563E+01  0.2080071627E-02 -0.3795851005E-02
   637 -0.5225235884E+01  0.2078784794E-02 -0.3792522658E-02
   638 -0.5227994025E+01  0.2077500186E-02 -0.3789199831E-02
   639 -0.5230746030E+01  0.2076217802E-02 -0.3785882531E-02
   640 -0.5233491832E+01  0.2074937577E-02 -0.3782570655E-02
   641 -0.5236231461E+01  0.2073659498E-02 -0.3779264191E-02
   642 -0.5238964942E+01  0.2072383553E-02 -0.3775963147E-02
   643 -0.5241692271E+01  0.2071109713E-02 -0.3772667476E-02
   644 -0.5244413412E+01  0.2069837925E-02 -0.3769377113E-02
   645 -0.5247128424E+01  0.2068568201E-02 -0.3766092076E-02
   646 -0.5249837269E+01  0.2067300489E-02 -0.3762812304E-02
   647 -0.5252540015E+01  0.2066034802E-02 -0.3759537833E-02
   648 -0.5255236616E+01  0.2064771085E-02 -0.3756268585E-02
   649 -0.5257927067E+01  0.2063509314E-02 -0.3753004510E-02
   650 -0.5260611388E+01  0.2062249468E-02 -0.3749745613E-02
   651 -0.5263289623E+01  0.2060991550E-02 -0.3746491901E-02
   652 -0.5265961712E+01  0.2059735496E-02 -0.3743243283E-02
   653 -0.5268633068E+01  0.2058489538E-02 -0.3740005626E-02
   654 -0.5271293569E+01  0.2057238148E-02 -0.3736767845E-02
   655 -0.5273947990E+01  0.2055988584E-02 -0.3733535132E-02
   656 -0.5276596206E+01  0.2054740667E-02 -0.3730307327E-02
   657 -0.5279238426E+01  0.2053494607E-02 -0.3727084607E-02
   658 -0.5281874571E+01  0.2052250335E-02 -0.3723866873E-02
   659 -0.5284504655E+01  0.2051007834E-02 -0.3720654107E-02
   660 -0.5287128701E+01  0.2049767097E-02 -0.3717446303E-02
   661 -0.5289746751E+01  0.2048528124E-02 -0.3714243463E-02
   662 -0.5292358757E+01  0.2047290864E-02 -0.3711045523E-02
   663 -0.5294964725E+01  0.2046055297E-02 -0.3707852455E-02
   664 -0.5297564727E+01  0.2044821443E-02 -0.3704664303E-02
   665 -0.5300158699E+01  0.2043589244E-02 -0.3701480968E-02
   666 -0.5302746668E+01  0.2042358691E-02 -0.3698302457E-02
   667 -0.5305328668E+01  0.2041129785E-02 -0.3695128771E-02
   668 -0.5307904687E+01  0.2039902494E-02 -0.3691959874E-02
   669 -0.5310474675E+01  0.2038676770E-02 -0.3688795678E-02
   670 -0.5313038743E+01  0.2037452653E-02 -0.3685636275E-02
   671 -0.5315596857E+01  0.2036230103E-02 -0.3682481602E-02
   672 -0.5318148939E+01  0.2035009056E-02 -0.3679331555E-02
   673 -0.5320695164E+01  0.2033789591E-02 -0.3676186270E-02
   674 -0.5323235360E+01  0.2032571584E-02 -0.3673045561E-02
   675 -0.5325769682E+01  0.2031355111E-02 -0.3669909551E-02
   676 -0.5328298064E+01  0.2030140108E-02 -0.3666778150E-02
   677 -0.5330820487E+01  0.2028926545E-02 -0.3663651302E-02
   678 -0.5333337033E+01  0.2027714449E-02 -0.3660529071E-02
   679 -0.5335847660E+01  0.2026503776E-02 -0.3657411389E-02
   680 -0.5338352356E+01  0.2025294499E-02 -0.3654298215E-02
   681 -0.5340851158E+01  0.2024086623E-02 -0.3651189465E-02
   682 -0.5343344088E+01  0.2022880131E-02 -0.3648085315E-02
   683 -0.5345831113E+01  0.2021674991E-02 -0.3644985621E-02
   684 -0.5348312329E+01  0.2020471240E-02 -0.3641890453E-02
   685 -0.5350787595E+01  0.2019268775E-02 -0.3638799641E-02
   686 -0.5353257028E+01  0.2018067645E-02 -0.3635713278E-02
   687 -0.5355720597E+01  0.2016867815E-02 -0.3632631311E-02
   688 -0.5358178333E+01  0.2015669284E-02 -0.3629553745E-02
   689 -0.5360630227E+01  0.2014472027E-02 -0.3626480539E-02
   690 -0.5363076250E+01  0.2013276007E-02 -0.3623411645E-02
   691 -0.5365516440E+01  0.2012081231E-02 -0.3620347077E-02
   692 -0.5367950847E+01  0.2010887708E-02 -0.3617286859E-02
   693 -0.5370379412E+01  0.2009695385E-02 -0.3614230904E-02
   694 -0.5372802182E+01  0.2008504273E-02 -0.3611179235E-02
   695 -0.5375219136E+01  0.2007314340E-02 -0.3608131812E-02
   696 -0.5377630301E+01  0.2006125585E-02 -0.3605088635E-02
   697 -0.5380035657E+01  0.2004937978E-02 -0.3602049657E-02
   698 -0.5382435244E+01  0.2003751524E-02 -0.3599014895E-02
   699 -0.5384829094E+01  0.2002566224E-02 -0.3595984357E-02
   700 -0.5387217124E+01  0.2001382016E-02 -0.3592957941E-02
   701 -0.5389599434E+01  0.2000198937E-02 -0.3589935718E-02
   702 -0.5391975954E+01  0.1999016930E-02 -0.3586917596E-02
   703 -0.5394346756E+01  0.1997836021E-02 -0.3583903622E-02
   704 -0.5396711759E+01  0.1996656144E-02 -0.3580893698E-02
   705 -0.5399071078E+01  0.1995477352E-02 -0.3577887909E-02
   706 -0.5401424638E+01  0.1994299582E-02 -0.3574886158E-02
   707 -0.5403772479E+01  0.1993122842E-02 -0.3571888466E-02
   708 -0.5406119229E+01  0.1991953532E-02 -0.3568899450E-02
   709 -0.5408456158E+01  0.1990779486E-02 -0.3565910323E-02
   710 -0.5410787342E+01  0.1989606378E-02 -0.3562925154E-02
   711 -0.5413112829E+01  0.1988434264E-02 -0.3559943972E-02
   712 -0.5415432725E+01  0.1987263198E-02 -0.3556966859E-02
   713 -0.5417746886E+01  0.1986093077E-02 -0.3553993656E-02
   714 -0.5420055451E+01  0.1984923969E-02 -0.3551024466E-02
   715 -0.5422358379E+01  0.1983755835E-02 -0.3548059237E-02
   716 -0.5424655695E+01  0.1982588674E-02 -0.3545097968E-02
   717 -0.5426947346E+01  0.1981422442E-02 -0.3542140587E-02
   718 -0.5429233415E+01  0.1980257169E-02 -0.3539187147E-02
   719 -0.5431513881E+01  0.1979092835E-02 -0.3536237614E-02
   720 -0.5433788773E+01  0.1977929436E-02 -0.3533291992E-02
   721 -0.5436058059E+01  0.1976766942E-02 -0.3530350229E-02
   722 -0.5438321777E+01  0.1975605363E-02 -0.3527412335E-02
   723 -0.5440579909E+01  0.1974444669E-02 -0.3524478279E-02
   724 -0.5442832493E+01  0.1973284874E-02 -0.3521548076E-02
   725 -0.5445079538E+01  0.1972125968E-02 -0.3518621713E-02
   726 -0.5447321025E+01  0.1970967924E-02 -0.3515699144E-02
   727 -0.5449556959E+01  0.1969810733E-02 -0.3512780363E-02
   728 -0.5451787383E+01  0.1968654406E-02 -0.3509865386E-02
   729 -0.5454012244E+01  0.1967498897E-02 -0.3506954146E-02
   730 -0.5456231645E+01  0.1966344256E-02 -0.3504046711E-02
   731 -0.5458445490E+01  0.1965190412E-02 -0.3501142980E-02
   732 -0.5460653885E+01  0.1964037413E-02 -0.3498243029E-02
   733 -0.5462856815E+01  0.1962885239E-02 -0.3495346825E-02
   734 -0.5465054208E+01  0.1961733833E-02 -0.3492454277E-02
   735 -0.5467246209E+01  0.1960583270E-02 -0.3489565504E-02
   736 -0.5469432635E+01  0.1959433426E-02 -0.3486680283E-02
   737 -0.5471613649E+01  0.1958284384E-02 -0.3483798748E-02
   738 -0.5473789425E+01  0.1957136398E-02 -0.3480921125E-02
   739 -0.5475959565E+01  0.1955988899E-02 -0.3478046974E-02
   740 -0.5478124308E+01  0.1954842178E-02 -0.3475176495E-02
   741 -0.5480283586E+01  0.1953696178E-02 -0.3472309608E-02
   742 -0.5482437461E+01  0.1952550921E-02 -0.3469446344E-02
   743 -0.5484585919E+01  0.1951406392E-02 -0.3466586679E-02
   744 -0.5486728976E+01  0.1950262583E-02 -0.3463730607E-02
   745 -0.5488866669E+01  0.1949119508E-02 -0.3460878143E-02
   746 -0.5490998937E+01  0.1947977116E-02 -0.3458029208E-02
   747 -0.5493125867E+01  0.1946835446E-02 -0.3455183869E-02
   748 -0.5495247398E+01  0.1945694452E-02 -0.3452342050E-02
   749 -0.5497363593E+01  0.1944554159E-02 -0.3449503792E-02
   750 -0.5499474396E+01  0.1943414521E-02 -0.3446669019E-02
   751 -0.5501579935E+01  0.1942275602E-02 -0.3443837835E-02
   752 -0.5503680091E+01  0.1941137320E-02 -0.3441010114E-02
   753 -0.5505774872E+01  0.1939999667E-02 -0.3438185843E-02
   754 -0.5507864419E+01  0.1938862719E-02 -0.3435365132E-02
   755 -0.5509948597E+01  0.1937726378E-02 -0.3432547840E-02
   756 -0.5512027498E+01  0.1936590693E-02 -0.3429734036E-02
   757 -0.5514101090E+01  0.1935455630E-02 -0.3426923672E-02
   758 -0.5516169407E+01  0.1934321199E-02 -0.3424116757E-02
   759 -0.5518232431E+01  0.1933187378E-02 -0.3421313262E-02
   760 -0.5520290171E+01  0.1932054162E-02 -0.3418513177E-02
   761 -0.5522342671E+01  0.1930921564E-02 -0.3415716524E-02
   762 -0.5524389920E+01  0.1929789569E-02 -0.3412923273E-02
   763 -0.5526435070E+01  0.1928662151E-02 -0.3410136336E-02
   764 -0.5528472978E+01  0.1927532784E-02 -0.3407350916E-02
   765 -0.5530504862E+01  0.1926403002E-02 -0.3404568130E-02
   766 -0.5532531569E+01  0.1925273836E-02 -0.3401788745E-02
   767 -0.5534553070E+01  0.1924145259E-02 -0.3399012718E-02
   768 -0.5536569379E+01  0.1923017270E-02 -0.3396240047E-02
   769 -0.5538580560E+01  0.1921889895E-02 -0.3393470771E-02
   770 -0.5540586509E+01  0.1920763065E-02 -0.3390704781E-02
   771 -0.5542587346E+01  0.1919636841E-02 -0.3387942162E-02
   772 -0.5544583018E+01  0.1918511177E-02 -0.3385182859E-02
   773 -0.5546573556E+01  0.1917386088E-02 -0.3382426879E-02
   774 -0.5548558957E+01  0.1916261559E-02 -0.3379674202E-02
   775 -0.5550539231E+01  0.1915137585E-02 -0.3376924820E-02
   776 -0.5552514398E+01  0.1914014174E-02 -0.3374178738E-02
   777 -0.5554484460E+01  0.1912891312E-02 -0.3371435939E-02
   778 -0.5556449473E+01  0.1911769022E-02 -0.3368696456E-02
   779 -0.5558409336E+01  0.1910647240E-02 -0.3365960182E-02
   780 -0.5560364185E+01  0.1909526032E-02 -0.3363227225E-02
   781 -0.5562313913E+01  0.1908405328E-02 -0.3360497473E-02
   782 -0.5564258612E+01  0.1907285174E-02 -0.3357770991E-02
   783 -0.5566198240E+01  0.1906165535E-02 -0.3355047725E-02
   784 -0.5568132825E+01  0.1905046416E-02 -0.3352327686E-02
   785 -0.5570062431E+01  0.1903927850E-02 -0.3349610914E-02
   786 -0.5571986955E+01  0.1902809764E-02 -0.3346897303E-02
   787 -0.5573906479E+01  0.1901692198E-02 -0.3344186906E-02
   788 -0.5575821017E+01  0.1900575152E-02 -0.3341479724E-02
   789 -0.5577730521E+01  0.1899458587E-02 -0.3338775700E-02
   790 -0.5579635046E+01  0.1898342529E-02 -0.3336074863E-02
   791 -0.5581534623E+01  0.1897226987E-02 -0.3333377225E-02
   792 -0.5583429246E+01  0.1896111947E-02 -0.3330682695E-02
   793 -0.5585318843E+01  0.1894997359E-02 -0.3327991302E-02
   794 -0.5587203534E+01  0.1893883282E-02 -0.3325303130E-02
   795 -0.5589083215E+01  0.1892769649E-02 -0.3322618041E-02
   796 -0.5590958026E+01  0.1891656535E-02 -0.3319936145E-02
   797 -0.5592827913E+01  0.1890543898E-02 -0.3317257379E-02
   798 -0.5594692837E+01  0.1889431706E-02 -0.3314581695E-02
   799 -0.5596552884E+01  0.1888320002E-02 -0.3311909149E-02
   800 -0.5598408013E+01  0.1887208753E-02 -0.3309239696E-02
   801 -0.5600258261E+01  0.1886097974E-02 -0.3306573350E-02
   802 -0.5602103603E+01  0.1884987639E-02 -0.3303910077E-02
   803 -0.5603944084E+01  0.1883877770E-02 -0.3301249895E-02
   804 -0.5605779692E+01  0.1882768350E-02 -0.3298592786E-02
   805 -0.5607610469E+01  0.1881659394E-02 -0.3295938770E-02
   806 -0.5609436368E+01  0.1880550867E-02 -0.3293287792E-02
   807 -0.5611257443E+01  0.1879442795E-02 -0.3290639881E-02
   808 -0.5613073624E+01  0.1878335123E-02 -0.3287994967E-02
   809 -0.5614885059E+01  0.1877227937E-02 -0.3285353159E-02
   810 -0.5616691617E+01  0.1876121146E-02 -0.3282714334E-02
   811 -0.5618493398E+01  0.1875014808E-02 -0.3280078559E-02
   812 -0.5620290369E+01  0.1873908887E-02 -0.3277445795E-02
   813 -0.5622082588E+01  0.1872803415E-02 -0.3274816076E-02
   814 -0.5623870004E+01  0.1871698353E-02 -0.3272189346E-02
   815 -0.5625652635E+01  0.1870593703E-02 -0.3269565604E-02
   816 -0.5627430515E+01  0.1869489476E-02 -0.3266944867E-02
   817 -0.5629203619E+01  0.1868385652E-02 -0.3264327100E-02
   818 -0.5630973564E+01  0.1867284088E-02 -0.3261713686E-02
   819 -0.5632739215E+01  0.1866183373E-02 -0.3259103619E-02
   820 -0.5634498385E+01  0.1865081111E-02 -0.3256495012E-02
   821 -0.5636252874E+01  0.1863979287E-02 -0.3253889400E-02
   822 -0.5638002692E+01  0.1862877899E-02 -0.3251286777E-02
   823 -0.5639747990E+01  0.1861777124E-02 -0.3248687255E-02
   824 -0.5641488433E+01  0.1860676569E-02 -0.3246090539E-02
   825 -0.5643224238E+01  0.1859576454E-02 -0.3243496801E-02
   826 -0.5644955371E+01  0.1858476746E-02 -0.3240905999E-02
   827 -0.5646681860E+01  0.1857377453E-02 -0.3238318138E-02
   828 -0.5648403688E+01  0.1856278561E-02 -0.3235733197E-02
   829 -0.5650120894E+01  0.1855180086E-02 -0.3233151191E-02
   830 -0.5651833499E+01  0.1854082034E-02 -0.3230572128E-02
   831 -0.5653541488E+01  0.1852984385E-02 -0.3227995977E-02
   832 -0.5655244889E+01  0.1851887153E-02 -0.3225422751E-02
   833 -0.5656943648E+01  0.1850790297E-02 -0.3222852394E-02
   834 -0.5658637872E+01  0.1849693876E-02 -0.3220284979E-02
   835 -0.5660327454E+01  0.1848597817E-02 -0.3217720406E-02
   836 -0.5662012541E+01  0.1847502203E-02 -0.3215158781E-02
   837 -0.5663693098E+01  0.1846407006E-02 -0.3212600066E-02
   838 -0.5665369003E+01  0.1845312145E-02 -0.3210044148E-02
   839 -0.5667040432E+01  0.1844217720E-02 -0.3207491153E-02
   840 -0.5668707291E+01  0.1843123667E-02 -0.3204940999E-02
   841 -0.5670369673E+01  0.1842030036E-02 -0.3202393742E-02
   842 -0.5672027532E+01  0.1840936795E-02 -0.3199849338E-02
   843 -0.5673680874E+01  0.1839843935E-02 -0.3197307775E-02
   844 -0.5675329711E+01  0.1838751461E-02 -0.3194769052E-02
   845 -0.5676974102E+01  0.1837659402E-02 -0.3192233205E-02
   846 -0.5678614009E+01  0.1836567727E-02 -0.3189700191E-02
   847 -0.5680249399E+01  0.1835476410E-02 -0.3187169971E-02
   848 -0.5681880401E+01  0.1834385524E-02 -0.3184642524E-02
   849 -0.5683506937E+01  0.1833295011E-02 -0.3182117988E-02
   850 -0.5685128983E+01  0.1832204854E-02 -0.3179596231E-02
   851 -0.5686746614E+01  0.1831115091E-02 -0.3177077300E-02
   852 -0.5688359836E+01  0.1830025719E-02 -0.3174561186E-02
   853 -0.5689968657E+01  0.1828936737E-02 -0.3172047887E-02
   854 -0.5691573040E+01  0.1827848116E-02 -0.3169537359E-02
   855 -0.5693173037E+01  0.1826759882E-02 -0.3167029632E-02
   856 -0.5694768667E+01  0.1825672037E-02 -0.3164524709E-02
   857 -0.5696359900E+01  0.1824584561E-02 -0.3162022553E-02
   858 -0.5697946740E+01  0.1823497446E-02 -0.3159523159E-02
   859 -0.5699529279E+01  0.1822410747E-02 -0.3157026583E-02
   860 -0.5701107407E+01  0.1821324387E-02 -0.3154532729E-02
   861 -0.5702681211E+01  0.1820238412E-02 -0.3152041656E-02
   862 -0.5704250662E+01  0.1819152800E-02 -0.3149553327E-02
   863 -0.5705815820E+01  0.1818067581E-02 -0.3147067778E-02
   864 -0.5707376645E+01  0.1816982723E-02 -0.3144584964E-02
   865 -0.5708933156E+01  0.1815898235E-02 -0.3142104892E-02
   866 -0.5710485372E+01  0.1814814118E-02 -0.3139627563E-02
   867 -0.5712033286E+01  0.1813730366E-02 -0.3137152962E-02
   868 -0.5713576887E+01  0.1812646966E-02 -0.3134681067E-02
   869 -0.5715116238E+01  0.1811563946E-02 -0.3132211915E-02
   870 -0.5716651343E+01  0.1810481307E-02 -0.3129745502E-02
   871 -0.5718182133E+01  0.1809398998E-02 -0.3127281759E-02
   872 -0.5719708718E+01  0.1808317083E-02 -0.3124820761E-02
   873 -0.5721231370E+01  0.1807235852E-02 -0.3122362718E-02
   874 -0.5722752079E+01  0.1806157377E-02 -0.3119909222E-02
   875 -0.5724266184E+01  0.1805076793E-02 -0.3117456503E-02
   876 -0.5725776091E+01  0.1803996585E-02 -0.3115006490E-02
   877 -0.5727281862E+01  0.1802916791E-02 -0.3112559221E-02
   878 -0.5728783383E+01  0.1801837332E-02 -0.3110114595E-02
   879 -0.5730280793E+01  0.1800758290E-02 -0.3107672711E-02
   880 -0.5731774031E+01  0.1799679620E-02 -0.3105233507E-02
   881 -0.5733263026E+01  0.1798601275E-02 -0.3102796921E-02
   882 -0.5734747963E+01  0.1797523360E-02 -0.3100363082E-02
   883 -0.5736228729E+01  0.1796445803E-02 -0.3097931893E-02
   884 -0.5737705360E+01  0.1795368619E-02 -0.3095503371E-02
   885 -0.5739177941E+01  0.1794291854E-02 -0.3093077570E-02
   886 -0.5740646299E+01  0.1793215400E-02 -0.3090654347E-02
   887 -0.5742110595E+01  0.1792139347E-02 -0.3088233816E-02
   888 -0.5743570865E+01  0.1791063711E-02 -0.3085815991E-02
   889 -0.5745026960E+01  0.1789988400E-02 -0.3083400748E-02
   890 -0.5746479033E+01  0.1788913497E-02 -0.3080988196E-02
   891 -0.5747927018E+01  0.1787838959E-02 -0.3078578271E-02
   892 -0.5749370943E+01  0.1786764799E-02 -0.3076170985E-02
   893 -0.5750810827E+01  0.1785691019E-02 -0.3073766340E-02
   894 -0.5752246701E+01  0.1784617637E-02 -0.3071364353E-02
   895 -0.5753678496E+01  0.1783544602E-02 -0.3068964958E-02
   896 -0.5755106289E+01  0.1782471960E-02 -0.3066568203E-02
   897 -0.5756530074E+01  0.1781399699E-02 -0.3064174074E-02
   898 -0.5757949836E+01  0.1780327809E-02 -0.3061782549E-02
   899 -0.5759365629E+01  0.1779256315E-02 -0.3059393659E-02
   900 -0.5760777429E+01  0.1778185198E-02 -0.3057007375E-02
   901 -0.5762185269E+01  0.1777114469E-02 -0.3054623711E-02
   902 -0.5763589050E+01  0.1776044070E-02 -0.3052242585E-02
   903 -0.5764989015E+01  0.1774974130E-02 -0.3049864141E-02
   904 -0.5766384906E+01  0.1773904496E-02 -0.3047488140E-02
   905 -0.5767776906E+01  0.1772835273E-02 -0.3045114846E-02
   906 -0.5769164942E+01  0.1771766413E-02 -0.3042744119E-02
   907 -0.5770549045E+01  0.1770697928E-02 -0.3040375970E-02
   908 -0.5771929251E+01  0.1769629838E-02 -0.3038010418E-02
   909 -0.5773305592E+01  0.1768562203E-02 -0.3035647475E-02
   910 -0.5774678021E+01  0.1767494896E-02 -0.3033287098E-02
   911 -0.5776046522E+01  0.1766427948E-02 -0.3030929263E-02
   912 -0.5777411181E+01  0.1765361406E-02 -0.3028574024E-02
   913 -0.5778771903E+01  0.1764295210E-02 -0.3026221302E-02
   914 -0.5780128791E+01  0.1763229413E-02 -0.3023871162E-02
   915 -0.5781481778E+01  0.1762163975E-02 -0.3021523546E-02
   916 -0.5782830973E+01  0.1761098952E-02 -0.3019178525E-02
   917 -0.5784176296E+01  0.1760034296E-02 -0.3016836027E-02
   918 -0.5785517731E+01  0.1758969988E-02 -0.3014496035E-02
   919 -0.5786855440E+01  0.1757906123E-02 -0.3012158656E-02
   920 -0.5788189236E+01  0.1756842581E-02 -0.3009823741E-02
   921 -0.5789519318E+01  0.1755779481E-02 -0.3007491429E-02
   922 -0.5790845543E+01  0.1754716728E-02 -0.3005161605E-02
   923 -0.5792167984E+01  0.1753654366E-02 -0.3002834314E-02
   924 -0.5793486673E+01  0.1752592405E-02 -0.3000509569E-02
   925 -0.5794801520E+01  0.1751530790E-02 -0.2998187291E-02
   926 -0.5796112641E+01  0.1750469583E-02 -0.2995867561E-02
   927 -0.5797420004E+01  0.1749408760E-02 -0.2993550344E-02
   928 -0.5798723616E+01  0.1748348323E-02 -0.2991235634E-02
   929 -0.5800025860E+01  0.1747290517E-02 -0.2988925225E-02
   930 -0.5801322181E+01  0.1746231032E-02 -0.2986615660E-02
   931 -0.5802614805E+01  0.1745171952E-02 -0.2984308615E-02
   932 -0.5803903742E+01  0.1744113284E-02 -0.2982004089E-02
   933 -0.5805188958E+01  0.1743054999E-02 -0.2979702045E-02
   934 -0.5806470481E+01  0.1741997111E-02 -0.2977402494E-02
   935 -0.5807748369E+01  0.1740939647E-02 -0.2975105470E-02
   936 -0.5809022517E+01  0.1739882545E-02 -0.2972810888E-02
   937 -0.5810293038E+01  0.1738825863E-02 -0.2970518821E-02
   938 -0.5811559908E+01  0.1737769589E-02 -0.2968229240E-02
   939 -0.5812823154E+01  0.1736713728E-02 -0.2965942158E-02
   940 -0.5814082757E+01  0.1735658267E-02 -0.2963657551E-02
   941 -0.5815338711E+01  0.1734603199E-02 -0.2961375403E-02
   942 -0.5816591047E+01  0.1733548535E-02 -0.2959095731E-02
   943 -0.5817839765E+01  0.1732494276E-02 -0.2956818525E-02
   944 -0.5819084925E+01  0.1731440449E-02 -0.2954543818E-02
   945 -0.5820326443E+01  0.1730387001E-02 -0.2952271541E-02
   946 -0.5821564407E+01  0.1729333980E-02 -0.2950001748E-02
   947 -0.5822798792E+01  0.1728281369E-02 -0.2947734412E-02
   948 -0.5824029580E+01  0.1727229149E-02 -0.2945469512E-02
   949 -0.5825256834E+01  0.1726177358E-02 -0.2943207084E-02
   950 -0.5826480495E+01  0.1725125953E-02 -0.2940947077E-02
   951 -0.5827700679E+01  0.1724075000E-02 -0.2938689563E-02
   952 -0.5828917318E+01  0.1723024454E-02 -0.2936434487E-02
   953 -0.5830130356E+01  0.1721974279E-02 -0.2934181799E-02
   954 -0.5831339955E+01  0.1720924564E-02 -0.2931931606E-02
   955 -0.5832546036E+01  0.1719875262E-02 -0.2929683842E-02
   956 -0.5833748572E+01  0.1718826351E-02 -0.2927438481E-02
   957 -0.5834947646E+01  0.1717777875E-02 -0.2925195572E-02
   958 -0.5836143208E+01  0.1716729801E-02 -0.2922955070E-02
   959 -0.5837335326E+01  0.1715682168E-02 -0.2920716941E-02
   960 -0.5838523975E+01  0.1714634951E-02 -0.2918481269E-02
   961 -0.5839709120E+01  0.1713588131E-02 -0.2916248012E-02
   962 -0.5840890822E+01  0.1712541736E-02 -0.2914017179E-02
   963 -0.5842069117E+01  0.1711495785E-02 -0.2911788782E-02
   964 -0.5843243948E+01  0.1710450245E-02 -0.2909562774E-02
   965 -0.5844415380E+01  0.1709405138E-02 -0.2907339192E-02
   966 -0.5845583345E+01  0.1708360431E-02 -0.2905117982E-02
   967 -0.5846747902E+01  0.1707316151E-02 -0.2902899173E-02
   968 -0.5847909107E+01  0.1706272326E-02 -0.2900682799E-02
   969 -0.5849066883E+01  0.1705228912E-02 -0.2898468796E-02
   970 -0.5850221245E+01  0.1704185909E-02 -0.2896257166E-02
   971 -0.5851372233E+01  0.1703143336E-02 -0.2894047930E-02
   972 -0.5852519933E+01  0.1702101241E-02 -0.2891841138E-02
   973 -0.5853664111E+01  0.1701059483E-02 -0.2889636618E-02
   974 -0.5854805079E+01  0.1700018242E-02 -0.2887434580E-02
   975 -0.5855942632E+01  0.1698977390E-02 -0.2885234873E-02
   976 -0.5857076840E+01  0.1697936970E-02 -0.2883037537E-02
   977 -0.5858207705E+01  0.1696896977E-02 -0.2880842566E-02
   978 -0.5859335263E+01  0.1695857425E-02 -0.2878649974E-02
   979 -0.5860459528E+01  0.1694818322E-02 -0.2876459766E-02
   980 -0.5861580446E+01  0.1693779631E-02 -0.2874271894E-02
   981 -0.5862698053E+01  0.1692741371E-02 -0.2872086376E-02
   982 -0.5863812452E+01  0.1691703595E-02 -0.2869903273E-02
   983 -0.5864923445E+01  0.1690666187E-02 -0.2867722443E-02
   984 -0.5866033059E+01  0.1689630815E-02 -0.2865545315E-02
   985 -0.5867137708E+01  0.1688594446E-02 -0.2863369328E-02
   986 -0.5868239098E+01  0.1687558517E-02 -0.2861195689E-02
   987 -0.5869337290E+01  0.1686523063E-02 -0.2859024433E-02
   988 -0.5870432164E+01  0.1685488014E-02 -0.2856855469E-02
   989 -0.5871523895E+01  0.1684453463E-02 -0.2854688909E-02
   990 -0.5872612338E+01  0.1683419324E-02 -0.2852524645E-02
   991 -0.5873697645E+01  0.1682385684E-02 -0.2850362774E-02
   992 -0.5874779683E+01  0.1681352459E-02 -0.2848203196E-02
   993 -0.5875858528E+01  0.1680319690E-02 -0.2846045956E-02
   994 -0.5876934214E+01  0.1679287391E-02 -0.2843891068E-02
   995 -0.5878006676E+01  0.1678255525E-02 -0.2841738481E-02
   996 -0.5879076002E+01  0.1677224164E-02 -0.2839588248E-02
   997 -0.5880142202E+01  0.1676193258E-02 -0.2837440365E-02
   998 -0.5881205128E+01  0.1675162745E-02 -0.2835294724E-02
   999 -0.5882264991E+01  0.1674132743E-02 -0.2833151463E-02
  1000 -0.5883321683E+01  0.1673103183E-02 -0.2831010498E-02
  1001 -0.5884375272E+01  0.1672074104E-02 -0.2828871870E-02
  1002 -0.5885425704E+01  0.1671045472E-02 -0.2826735533E-02
  1003 -0.5886473023E+01  0.1670017304E-02 -0.2824601509E-02
  1004 -0.5887517204E+01  0.1668989589E-02 -0.2822469774E-02
  1005 -0.5888558321E+01  0.1667962359E-02 -0.2820340370E-02
  1006 -0.5889596323E+01  0.1666935585E-02 -0.2818213253E-02
  1007 -0.5890631250E+01  0.1665909288E-02 -0.2816088447E-02
  1008 -0.5891663079E+01  0.1664883448E-02 -0.2813965924E-02
  1009 -0.5892691857E+01  0.1663858092E-02 -0.2811845711E-02
  1010 -0.5893717531E+01  0.1662833183E-02 -0.2809727762E-02
  1011 -0.5894740186E+01  0.1661808767E-02 -0.2807612130E-02
  1012 -0.5895759785E+01  0.1660784821E-02 -0.2805498780E-02
  1013 -0.5896776265E+01  0.1659761302E-02 -0.2803387663E-02
  1014 -0.5897789840E+01  0.1658738335E-02 -0.2801278909E-02
  1015 -0.5898800343E+01  0.1657715816E-02 -0.2799172307E-02
  1016 -0.5899807814E+01  0.1656693766E-02 -0.2797068067E-02
  1017 -0.5900812292E+01  0.1655672203E-02 -0.2794966114E-02
  1018 -0.5901813724E+01  0.1654651093E-02 -0.2792866401E-02
  1019 -0.5902812170E+01  0.1653630471E-02 -0.2790768970E-02
  1020 -0.5903807651E+01  0.1652610344E-02 -0.2788673820E-02
  1021 -0.5904800116E+01  0.1651590676E-02 -0.2786580911E-02
  1022 -0.5905789619E+01  0.1650571497E-02 -0.2784490270E-02
  1023 -0.5906776200E+01  0.1649552828E-02 -0.2782401919E-02
  1024 -0.5907759788E+01  0.1648534622E-02 -0.2780315803E-02
